001010000001100100000000111100010000100000100000100001001100011011001101001
101000000000101110100000000001010001000000001111001101000110100101000001001
0101001011011100111000101100101010111100111001010110110100111101111111110010
1110001110011010011111111111110101101100111111101111111111011101111001110101
00001000001001010001010111010000000000001011001001011010000010100110010000100
11010001011011111011001111110011110010011100111110110000110010111000011100011
111011110110111111111111100101111111001111010011111110111110010011111111110011
011001000000111101000000001110011000001001110101100110110000000100111001011000
0110001010011000001001011010011000001100110010010000110001001001101111001000111
1111000101100100000101001010011011111101111110110110111100111101000010011111111
11001101111111111011101111101110010111100110101111001101111111001011111101100000
11110011000101110001101001101011100010100001010110011110001110001101001111100100
101000011100010001010000001001100011011011100111101011001111001111000111110010001
010001100111100100111011110111101100001001110111111101001111111100101011110001111
1000001111001011000001000111100011100110010101000010010100110001000000010000100000
0110100100101111000111001101011000010111000001101101011110001111101100011001011111
11110101101101110101110101111111011111011110110011111111111110110110111110110110111
00011101110100101110010111111111110111000000111011110110101101111100100111111100111
111001000000101100011011111110100011110001011111001011010000101010010110101010100000
111111101011000100010000101111001000101001001001111110110001111110110100011101001001
1110100011111111011000100000011011110110100011100100010010101000000100110001010000110
1000001011010001010001111000110010101101111101010010100111101011010001010010010001101
00100101101100100000100000000000000000000011000100100000000000001110010100110010010000
00110100101001001100000010101000010111010100101111100110001001011100110100010010111000
101100010010000111011101111101111001011010010111111111100000001101011011111100101100101
010100001111101111110101100010111101011010001001110111011111101100001101000101101000100
1010100100010110111011011111100010110101010001110010011101010001111111111000111111011110
0001100000000000110010100000100000000000000001000000001000000010010000011010000010000000
00100000000010010100000100001110000111100010000011000101100100110110000001011001110001110
11101111110001111011111110111110010000111100101101000111111111111101111011111111101110010
111011111111111001111111101111111111100111011111111110011111011111111110111010101111111101
111101111101001110011011010110011111111011111011011001101001100001111111111111110111111100
1111111111111110111110111111011111111111111111111100011111011111111111110111111110010011111
1011010011100100010100001111001011101011000100110000110110001011001110101111001101001110010
00000000001100001110100000000000000000100100101000001010001000010001010001111010101001010000
11111101100001011111001000111011011011111011100101010111010101110111101110001111101101110101
000000001011000110000010010001010011001000110000110010011000101000110000000000101000110010100
100000000010011101101000010000010000000000000000010110000011000011111000000100110010010010100
1001101111101010110101101101011110000110110111011101010001101100011101100111101101011101101010
1111101010111110100011000011011001010000001111111100001010111010111101010100000001000001101100
10011101011001001110001100010101110000010101101100110100100110100000110100010110101110001010010
01101101011101100000111010010100100110010101000111101110010111001101101101100011000111001101001
010000100110100001100010001000010110000100001000000110000000100000000110100010010100000000100111
110000110011000000010001101100000000010000001001000000010000011001001100010101000010011000100000
0010100011000111110000100001001000000000000000001000000111100101101110000110100010100011000111001
1110011001000011101001001010110111010000100111100110001110001001100110101010101011111011111111101
00000011101000110000001101010001001000011110001010000001001011100100000000000000010100001100000011
01100001001010000100101111110100010010101010010011001101011101011000100001000010110010000000000001
101101011111001110000110110110011110001000100011010110110101110010111111101110111101011001111100011
000101001010000000011010101010001100101000000000001101000110010100111000110110100010011001010110011
0111000011000010110000001011000010000010010000111000111100100100100000011100000010101010001000001001
1111100111111111001111111110111111111001111011101011011011100111011111111011101011100001110111011111
11111000111011111111110011111111011011111111111111011010111110001111100111101001111100010011011000110
01100011011100111001101010111111011111111111011111111010111001011100101111001101110001101101000101110
110011001010111101011001101111111011101111111001111001110111111011011111110111111001110111010111111101
111000010100000001000000010001000001000000000011100000000000010000000000001000000000000010000010100000
1110111111111101111011101010101111111111101101110111111111111111111110111101111111011111011101110001111
0100001101011101001101100000100100111001100101010010100001100101100001010000101110000110100100010010000
10111001000100010000000000010001100001101010101110000110001010010100110001000001010000000000001011010000
01100010101001000001111111101000111011111110110111101100110111101101011101011100110011110111011111110001
010010110100000011001011100001001000011001010001010101000001110110011110111000001011000000000110011110001
101101000110001110100100010000001010100101100001001110001000010110011010000001010101000100001010000001001
0111100001000100001000010110000101000100011010011100001101001011110100010000001000000000001001100000001011
1100001000000001000000010001001100000101001000010010000000000110010110100001010000001001111010010010000000
01100000001110100000011100001111101110110111011101011010000001001101111100110111001010001001010101011000011
11100000010000001010011001100000100001110010000010010001100101011110000010000000111110000001000001010101001
011111010111111111111011101111101101011111111111111111011101101111111110101111100111101111111111110111111111
100011001011111011011011011001011101010100011101000000110110101101100100110010110111111010001011010110011110
0101000001010110000101001110001000000111000000000010011000000010110010110000101000010111101110110000000010110
1001110111111110101101101111111101110011101111010101111001101101011011101111001011010111110001010001010111010
11001011110010011101001011010000001000010001010001000100011100000000110000010110101010101110000101110001000111
11101010110100011111111111101110011111111101011111100111111111111110111100111111101111100110111000110011111101
011100011111000101001010000011010100100001101010000000101010100001011110010001001000000101110000101000011011011
000011000100001000011011111010001000011010001001000000101111011101101000000011001010000001111011110110010101101
0100010100100000001011001110010001000000000000001100000001111001000000000100100000100000100000001010100100000000
0001000000100001000000011100100000101001000010010000100010000001101101000001000001000010000110010001100100000000
00010001100000100000001110000101001000001100000000010000001010001101001100101001110111100101000010001100001000000
11001100111100001011000111100100011001010100100110011011010101100110110000000110111010001111100010000000001110001
101010101111011100010110100000000111011100000010110110100111110000101100110010010101000010011010111110100001000111
111111110111010111110111011011111011011110011101011101111101111001111111001110111111111011111110110111111110111111
0000000001011010000001000001011100000010000010000000101001000000000110110000001000100101100010010110011110100000001
1000011011100010010010101010111001100111110111101100001011101100111110001101000110001111111000110110010010111011101
11101111111111011001101111110111111111011111111111100111100111111111110011111011010111111011111011111101100111110111
00101010110111100110101111011011011011100011100100001011001111101111011111111011010111011010111011100101110110011011
000111000001010000000001110000101010110000011011101101111110110100011100001010000011100000100110000001010101011000000
010011010100010010110101000111100000110110001100110100000111101111110011111010100101000111111001010000001110101111101
1111111111111010111110110110111111111111111111111101111111110111110111111101111110011011110101111111110111101111111111
0010001100110000000111100011110100111001000010000111011111001010010100010101100111011100011101011010100000110100111011
00110000100000000000000000000000010111100000100100001100100001010010100000110010101000000001101000000000000100101000000
10000010001100000010000000000010000000001001110101000000000100000000000001000110000010110100000011001010101000000100000
011110010011011111011101111101101001011110110111110000011011110011000010110001111110111110111111100011110101101001101111
000000100000000011000000010000000100000000000000010010000000000000000000100000101000010000010000000000010010010011000000
1011001001011111101000010100100011100000011100000011000011111011110011011011001010111100001000011111010101110111111000111
0100000011000011111110000101111000000011110001011100000001111010000111111101100110011010110001100101001111001111011101000
00011001000101011100101001001000100110010101100110000100010111000011101111110001001011010110110101000001100001100001100001
00000100000001111000010000100101110111010000000011000010010000000110000101101010001111100001011000110010001101101110010011
110110110110010100011010100111011110010010111101110101101110111100101011101111111110111011000111111110011101101000011111101
000010000011000000010110001010000000000110000000101110100011000000000011000000000001000001000100000001000000000110000000000
1111111011011000110101100011111111000110001010111100110100111110100010001110111011010110001110100101010110101101111100000011
1101111001101110111111111000111101111011111111100110010111111101011100011111100111111111110011001011111100001101010110110111
